0.00000
284.73325
0.00000
0.00000
233.43854
0.00000
0.00000
0.00000
81.15261
0.00000
0.00000
0.00000
0.00000
0.00000
0.00000
391.38693
0.00000
0.00000
0.00000
0.00000
206.34612
0.00000
0.00000
0.00000
0.00000
0.00000
0.00000
116.02240
0.00000
0.00000
0.00000
0.00000
0.00000
0.00000
0.00000
0.00000
0.00000
0.00000
0.00000
0.00000
0.00000
0.00000
136.46149
0.00000
0.00000
0.00000
0.00000
0.00000
0.00000
19.11685
0.00000
105.24738
0.00000
265.01840
0.00000
172.57126
209.13408
0.00000
151.80782
0.00000
301.05273
0.00000
275.22610
0.00000
0.00000
0.00000
0.00000
0.00000
0.00000
197.32771
0.00000
0.00000
0.00000
0.00000
0.00000
0.00000
0.00000
0.00000
0.00000
0.00000
0.00000
0.00000
0.00000
156.95747
0.00000
0.00000
0.00000
0.00000
0.00000
0.00000
0.00000
0.00000
0.00000
187.08212
0.00000
0.00000
0.00000
158.73264
70.83988
0.00000
0.00000
0.00000
0.00000
0.00000
0.00000
0.00000
0.00000
0.00000
0.00000
0.00000
0.00000
160.55716
154.67458
0.00000
164.73686
0.00000
0.00000
0.00000
0.00000
300.76855
141.65646
86.52818
0.00000
0.00000
0.00000
161.18178
0.00000
0.00000
