292.97772
0.83962
0.00000
0.00000
0.00000
0.00000
0.00000
368.39279
0.00000
380.16501
0.00000
123.20761
0.00000
336.86908
0.00000
0.00000
0.00000
0.00000
0.00000
0.00000
0.00000
0.00000
0.00000
124.11778
0.00000
0.00000
290.83057
0.00000
0.00000
0.00000
0.00000
0.00000
2.87773
0.00000
0.00000
0.00000
0.00000
0.00000
178.60701
0.00000
79.60670
0.00000
0.00000
0.00000
0.00000
0.00000
0.00000
0.00000
0.00000
0.00000
0.00000
0.00000
71.81716
0.00000
0.00000
0.00000
0.00000
0.00000
0.00000
0.00000
0.00000
0.00000
0.00000
0.00000
210.86978
0.00000
0.00000
0.00000
0.00000
0.00000
0.00000
0.00000
0.00000
49.60650
0.00000
0.00000
0.00000
14.38465
0.00000
0.00000
299.41226
248.77365
0.00000
0.00000
0.00000
0.00000
0.00000
416.61258
0.00000
45.27969
0.00000
77.01701
0.00000
0.00000
212.12985
0.00000
0.00000
0.00000
0.00000
0.00000
0.00000
0.00000
289.54099
0.00000
0.00000
0.00000
0.00000
0.00000
0.00000
92.27098
0.00000
0.00000
0.00000
202.52496
0.00000
267.00082
0.00000
0.00000
58.98686
0.00000
170.88449
0.00000
83.21493
0.00000
0.00000
0.00000
0.00000
0.00000
